175,19
138,4
136,7
144,13
164,9
162,4
48,11
60,14
95,15
135,17
200,3
108,10
72,12
171,15
72,7
88,19
102,7
78,6
47,10
3,18
95,12
23,15
186,20
157,18
6,4
198,10
8,9
12,2
168,20
10,2
94,11
30,7
163,18
5,15
130,18
25,10
91,19
14,20
184,12
182,5
101,18
126,13
19,9
153,20
67,16
4,2
12,3
146,11
180,2
27,10
124,3
7,2
124,1
69,16
180,19
130,10
54,10
97,2
170,8
170,5
110,10
55,17
76,8
93,1
11,11
176,5
107,9
111,2
169,1
96,10
147,8
140,20
2,6
28,9
7,1
26,2
139,3
73,3
130,10
18,5
194,8
0,13
75,8
28,15
83,13
200,6
191,18
21,18
99,16
121,2
24,5
87,4
13,11
40,4
108,17
75,4
130,19
175,19
115,19
173,14

84,18
196,8
184,19
193,6
86,9
29,6
71,7
155,19
54,15
102,18
173,15
19,17
142,19
4,16
14,18
121,3
93,10
60,15
52,9
158,9
154,13
24,17
147,5
148,8
50,7
10,9
193,13
166,11
144,6
32,13
111,12
88,12
164,15
70,17
32,14
122,15
43,15
198,15
126,14
25,4
29,6
132,3
195,14
41,15
115,20
114,14
103,14
94,13
8,15
61,16
95,14
80,13
190,10
161,11
33,3
82,10
86,4
58,3
20,17
54,18
10,15
110,14
20,5
102,6
182,17
198,7
112,10
193,13
42,6
175,4
53,17
56,4
5,5
67,2
105,20
78,3
24,5
113,13
66,17
68,8
93,12
13,16
67,4
5,8
26,18
180,17
84,4
121,5
164,18
74,5
197,11
35,13
182,9
97,7
69,2
51,8
76,4
44,19
136,20
0,3

170,12
98,20
131,6
35,6
104,14
83,7
18,14
44,1
156,3
142,17
147,15
195,12
3,4
188,19
1,4
199,9
131,5
137,3
128,17
174,6
93,18
5,10
8,5
169,20
166,18
79,16
110,20
31,9
22,3
109,12
80,20
180,3
171,8
189,11
31,7
66,11
84,17
160,12
45,4
88,19
88,7
113,13
107,15
114,16
89,12
44,11
40,3
47,4
75,10
167,12
121,18
167,8
26,20
38,12
56,2
167,12
61,16
140,5
181,10
40,2
140,3
140,19
135,10
181,19
165,9
24,17
181,15
0,10
105,9
107,4
173,14
185,1
67,9
105,17
71,12
116,19
165,15
169,15
187,5
37,2
20,17
2,16
1,4
193,18
59,10
138,4
132,2
13,8
88,16
97,3
50,9
20,15
12,19
23,8
126,9
109,12
180,17
48,8
64,9
170,19

167,15
74,15
109,9
42,5
180,16
69,4
169,2
56,9
185,10
23,6
190,13
95,9
139,10
111,14
77,9
47,15
33,17
177,4
196,9
149,6
63,3
155,4
124,9
188,7
125,10
2,13
105,20
4,16
95,9
193,7
3,12
177,13
195,4
120,7
84,19
60,1
21,16
29,6
145,4
131,11
34,5
124,12
161,12
169,9
19,18
108,17
58,13
86,1
124,12
87,16
47,2
84,17
134,11
181,5
36,4
181,7
112,17
131,8
170,20
138,2
77,11
45,18
192,15
47,4
100,12
119,3
66,9
191,5
111,15
191,12
187,7
16,3
200,15
167,5
97,3
78,20
179,4
10,11
75,16
103,8
1,6
56,10
166,9
115,4
125,7
32,9
12,18
117,8
147,18
106,8
191,1
106,4
107,19
106,8
144,13
17,19
183,9
119,16
64,18
149,20

119,13
58,18
7,13
141,9
106,1
48,20
195,20
123,2
196,16
41,12
197,17
147,14
3,10
33,19
81,2
151,15
79,2
154,17
45,6
35,6
139,11
26,8
101,2
94,10
25,7
173,5
65,1
79,9
36,20
65,13
45,16
15,3
112,16
99,12
82,12
30,7
152,10
97,4
159,18
101,17
176,10
16,11
176,17
76,17
65,3
169,9
183,19
129,14
45,9
168,2
86,5
82,3
26,15
145,1
96,6
168,6
36,14
149,19
106,17
6,10
44,1
98,5
28,18
67,5
79,18
191,13
158,16
141,10
175,18
16,16
107,12
104,6
155,19
6,17
35,11
69,19
76,13
34,15
139,14
137,1
10,15
182,11
182,3
36,11
166,10
51,16
197,17
17,17
75,2
110,14
102,9
199,14
200,6
199,17
33,18
66,20
101,10
60,13
113,5
176,19

79,4
176,11
101,4
143,14
109,8
146,8
28,18
97,19
33,10
188,10
165,9
103,8
175,10
134,7
157,20
59,17
143,20
187,9
188,13
112,10
51,4
114,14
27,13
128,3
54,7
64,9
183,10
103,10
50,15
73,10
52,5
184,17
43,10
187,18
199,10
151,2
168,1
162,18
160,6
143,15
15,15
5,3
181,15
93,1
66,3
42,10
75,19
47,14
83,14
166,4
102,18
59,5
126,9
12,14
94,1
20,1
179,17
18,6
6,4
127,11
34,11
79,15
157,17
178,9
48,3
65,14
21,19
136,13
119,1
119,8
101,12
71,20
162,9
115,7
98,8
89,10
104,19
81,18
191,14
5,13
42,2
50,14
160,18
168,11
159,19
63,2
20,8
5,1
185,18
35,19
51,10
48,10
47,4
7,13
40,6
30,15
4,13
107,9
26,1
183,17

117,10
170,11
89,8
103,1
116,9
35,17
99,18
105,16
79,5
126,18
108,2
178,6
64,15
183,4
65,9
182,12
69,6
26,1
162,9
79,14
79,19
33,3
183,6
122,11
51,11
172,18
170,2
108,8
143,4
72,9
188,14
51,16
49,14
8,12
141,6
103,3
3,3
95,19
83,12
10,14
108,10
17,20
37,15
60,16
126,18
31,17
132,15
184,3
173,17
140,16
41,6
12,20
160,19
62,11
127,7
125,9
186,9
111,4
72,7
186,5
24,19
35,17
13,18
50,1
60,12
20,3
173,15
111,4
87,15
31,10
39,17
81,18
41,20
142,20
141,20
42,6
189,3
17,11
139,14
105,14
98,6
36,20
39,9
41,17
94,8
185,7
105,16
96,6
144,9
111,17
77,10
147,3
164,2
79,5
74,19
73,11
34,1
142,8
46,3
198,15

82,18
100,15
68,19
92,20
98,8
30,10
23,1
123,11
58,6
18,1
185,20
41,12
52,5
168,17
154,12
173,9
88,1
74,1
168,12
62,12
5,3
92,2
84,12
115,15
53,17
7,16
60,1
116,1
45,8
17,20
108,13
83,4
25,12
109,14
25,17
71,5
128,5
130,14
150,14
81,12
7,5
139,1
136,15
198,11
76,13
89,19
135,3
189,9
109,11
191,3
152,11
81,20
169,7
118,5
100,13
172,20
158,17
29,20
2,20
195,6
47,7
176,19
126,16
99,7
12,9
1,10
39,15
146,15
150,2
91,15
101,3
138,14
47,6
200,19
33,20
164,16
178,14
86,12
33,6
13,11
31,3
111,8
136,7
77,19
36,6
125,12
15,7
69,19
39,6
131,18
49,4
60,7
187,2
13,12
107,12
96,8
112,4
78,18
194,20
153,13

100,7
4,16
180,18
176,1
65,11
97,13
50,17
178,9
143,3
73,4
178,9
176,20
67,3
122,20
100,2
155,14
114,17
179,15
129,1
89,7
69,14
182,10
125,1
83,18
143,20
160,12
74,13
77,11
199,13
29,1
91,1
176,10
2,13
163,9
89,4
77,8
15,6
81,4
71,19
9,2
61,7
128,9
189,6
96,11
184,3
60,2
127,20
40,17
31,8
180,9
9,9
57,7
69,7
61,18
113,12
58,6
19,19
13,14
55,12
108,10
64,18
25,6
7,18
63,20
31,13
107,11
133,12
133,5
100,8
51,2
31,17
6,18
71,10
87,18
114,1
55,11
195,19
1,18
149,13
48,11
184,2
196,6
185,12
171,19
113,12
127,14
152,14
86,9
150,1
141,18
74,9
26,13
15,11
15,12
163,13
154,14
150,10
127,18
160,19
66,6

170,15
183,17
176,1
25,13
31,9
194,6
65,18
76,17
4,16
20,12
91,17
128,18
175,8
69,9
5,19
36,1
136,17
41,9
62,8
27,17
180,20
121,6
149,18
37,3
177,3
127,5
195,10
173,10
123,20
106,4
16,19
194,1
66,16
10,1
35,3
118,12
187,11
188,20
114,15
128,1
114,14
81,19
45,5
31,9
68,2
100,10
6,6
22,6
150,16
64,1
115,18
59,19
129,20
101,2
42,13
188,9
181,15
96,16
168,11
197,18
163,11
140,18
104,17
152,12
20,17
158,7
60,18
191,4
122,9
35,1
174,3
13,2
117,18
121,20
60,8
125,4
88,1
192,10
29,18
100,1
119,14
84,5
192,12
83,19
159,20
130,4
11,8
17,6
2,18
163,16
45,2
115,14
96,7
122,18
8,11
49,6
175,16
17,10
168,6
188,3

81,7
80,2
38,13
163,17
135,3
30,4
175,13
104,12
98,18
115,9
47,12
96,1
125,20
121,8
6,19
112,14
120,8
92,15
56,8
50,12
86,14
43,9
148,4
96,5
122,5
195,13
89,3
64,9
177,2
93,14
25,15
99,17
52,1
180,17
1,5
5,14
131,10
188,20
179,14
88,10
161,19
118,3
128,8
86,20
150,17
143,15
82,14
141,14
51,1
109,12
171,17
21,19
56,15
182,14
23,3
44,8
98,10
139,5
134,19
44,20
75,15
118,15
82,14
85,20
25,6
105,5
175,7
126,1
17,4
97,12
80,15
168,14
135,9
155,13
170,5
193,15
129,15
71,14
111,1
188,18
180,18
25,5
94,17
67,18
76,13
124,10
89,15
78,16
163,15
80,20
26,12
164,10
95,20
69,5
33,14
166,16
12,14
73,9
11,18
30,14

29,12
28,4
14,16
173,4
8,14
173,4
171,11
137,6
181,19
155,4
162,3
175,16
84,5
76,8
21,9
109,16
119,8
31,18
113,17
149,11
96,8
155,10
193,18
170,7
14,5
15,4
109,20
118,16
197,14
53,18
91,6
104,15
122,3
180,1
96,4
70,14
99,10
100,12
195,4
10,14
18,6
0,5
199,12
35,16
20,8
48,7
184,7
90,12
12,6
24,10
80,13
62,3
61,9
192,1
126,14
58,9
5,17
107,5
70,8
52,8
143,10
92,1
76,6
150,7
147,7
50,3
161,18
40,11
181,8
145,7
164,3
52,11
139,14
144,3
151,7
155,1
12,6
144,2
97,18
3,16
21,10
193,13
71,4
199,4
20,4
192,2
169,8
41,17
103,14
17,7
181,15
78,11
14,4
21,9
6,20
83,13
123,14
136,14
0,8
140,9

88,18
6,1
94,9
181,11
183,18
143,13
2,5
104,1
117,16
190,9
1,13
31,17
123,8
32,3
163,16
49,9
71,6
159,11
195,18
24,2
131,13
54,5
116,5
5,12
172,4
120,16
91,2
161,19
55,6
151,12
98,8
49,16
181,16
9,16
176,10
110,6
110,18
119,9
12,17
63,20
84,5
59,7
0,10
82,20
179,5
2,17
79,15
6,11
80,5
145,15
66,18
180,15
48,4
179,13
193,18
81,11
89,9
172,15
39,4
30,16
12,2
170,8
106,20
47,1
8,10
44,20
155,16
142,11
24,12
117,17
74,14
114,12
0,14
107,10
136,18
136,8
165,2
4,16
143,14
99,1
32,13
176,18
115,9
89,10
109,1
80,7
6,17
148,2
40,5
163,4
76,3
55,11
29,13
73,11
164,4
158,12
15,17
28,7
73,3
193,14

67,12
178,10
175,6
195,1
185,2
133,12
12,19
181,12
87,16
79,20
8,17
154,5
142,20
79,10
29,2
150,20
88,6
105,10
34,10
14,15
69,5
163,14
104,13
70,18
80,16
142,1
41,18
63,20
62,19
10,5
74,12
194,18
75,5
172,9
30,6
181,8
64,12
90,11
26,17
194,19
145,5
125,19
0,1
58,11
117,8
150,4
21,9
169,14
194,13
152,2
149,15
141,16
40,19
180,3
77,13
147,16
81,10
114,10
61,7
128,19
22,16
52,10
127,10
117,10
115,10
141,1
193,20
155,14
55,19
47,2
50,3
155,9
77,17
28,17
141,2
23,20
200,5
95,8
38,10
116,19
18,1
126,16
134,19
181,7
170,14
185,8
56,17
71,7
16,4
166,8
84,15
61,11
31,10
49,17
102,11
17,5
95,11
190,5
4,7
84,6

29,19
130,19
56,11
130,9
96,4
79,6
93,10
190,12
134,12
151,16
179,8
28,11
15,17
15,20
184,4
78,18
47,18
184,7
169,10
56,19
19,19
125,3
11,18
128,5
52,6
143,19
112,8
176,7
154,2
153,2
106,12
15,17
35,16
175,5
7,1
179,6
61,2
136,11
30,1
27,5
53,1
147,10
129,17
104,17
4,15
112,13
44,15
60,4
101,15
114,12
43,11
131,15
165,13
117,9
41,7
198,8
45,10
18,8
122,9
135,11
5,14
108,3
22,14
124,20
68,2
84,5
53,15
200,4
111,5
157,4
61,4
139,16
62,6
198,15
21,19
171,17
150,15
33,2
65,9
196,14
111,20
151,15
90,6
50,12
159,7
80,15
125,11
67,4
80,12
68,17
147,16
196,10
76,19
63,6
13,9
16,9
95,8
46,1
93,19
147,20

122,19
24,10
134,12
127,20
71,5
51,16
104,3
98,11
53,13
16,6
10,9
173,13
48,7
115,12
19,13
34,1
167,6
26,20
128,11
89,3
131,15
56,10
18,10
24,4
16,2
61,18
29,4
128,13
4,1
54,14
19,9
62,5
23,4
79,3
115,17
187,7
130,13
141,12
115,8
105,1
4,11
75,9
192,3
20,14
169,6
20,12
184,6
167,8
100,14
29,12
113,17
33,7
185,1
18,16
200,7
163,11
42,8
101,16
193,11
147,9
148,12
74,1
87,1
195,19
39,6
197,5
191,20
154,17
67,15
193,3
172,18
6,11
162,7
4,12
152,6
41,20
11,1
137,16
111,15
168,6
183,5
178,15
79,11
90,4
46,20
58,7
36,1
82,15
147,7
188,2
34,13
102,9
29,18
97,7
11,13
164,8
194,8
196,17
136,6
98,11

93,11
169,10
86,16
36,10
102,13
158,15
95,19
54,16
125,17
183,15
72,11
81,16
129,7
144,6
95,11
52,10
52,5
114,3
59,13
100,17
160,11
154,3
118,5
141,15
23,1
184,11
76,9
44,11
159,14
61,14
22,9
69,7
81,13
58,14
163,6
130,6
17,5
64,7
143,15
20,18
85,11
112,14
193,12
153,14
166,7
72,5
42,4
26,4
165,2
78,5
125,6
120,12
137,8
49,20
86,18
41,2
8,18
49,4
96,2
147,20
98,15
108,16
116,14
15,13
87,15
93,6
69,18
0,3
39,7
62,4
43,14
145,2
25,2
55,20
109,7
94,5
181,14
180,3
57,5
133,8
102,19
63,7
134,3
150,1
196,3
48,4
82,19
102,11
135,5
115,14
171,1
76,7
42,14
189,16
60,3
146,11
126,17
42,10
190,20
191,17

114,20
138,18
186,20
94,10
9,10
168,9
171,4
82,10
59,4
32,19
88,1
39,12
15,17
158,12
100,9
60,20
49,20
107,19
192,5
74,19
198,20
79,16
71,19
35,7
135,18
120,17
99,12
94,1
28,20
105,12
165,9
28,11
37,12
33,19
135,6
194,14
108,17
170,19
164,2
102,3
80,17
45,3
121,6
9,10
169,11
26,4
183,16
118,13
59,6
124,19
60,7
116,6
70,9
26,20
90,8
48,6
137,19
45,9
157,5
175,1
105,2
151,3
1,6
172,4
47,8
117,13
121,14
122,7
38,17
116,14
14,4
190,16
59,1
193,1
158,18
100,8
159,17
147,20
163,5
171,6
37,11
79,16
180,7
137,20
118,9
154,16
111,8
105,19
12,3
88,14
30,7
136,12
76,7
196,2
18,5
148,9
118,10
41,19
102,14
109,12

9,17
143,10
130,6
119,4
71,6
151,11
161,8
53,17
83,20
141,4
144,7
76,15
13,14
84,13
66,3
191,3
107,15
194,4
150,14
19,7
34,17
195,20
172,11
191,17
64,10
59,18
75,14
139,10
105,10
120,4
72,20
179,7
106,5
177,12
189,13
159,18
81,20
110,20
111,15
74,4
41,16
132,14
48,15
177,3
87,8
89,19
116,16
65,12
71,16
144,3
126,17
98,4
35,20
18,17
169,4
150,3
26,9
162,11
143,11
44,1
142,20
142,6
176,2
26,15
152,6
2,15
114,17
57,7
6,8
115,12
123,7
126,13
112,7
155,19
186,2
2,10
112,19
197,13
67,7
0,8
125,17
61,12
125,16
178,20
147,20
22,7
157,12
195,8
1,1
46,1
166,3
151,3
181,2
176,1
161,16
193,10
98,8
148,16
131,9
116,2

158,16
114,19
152,3
36,6
127,3
134,14
155,5
133,17
128,9
190,10
191,13
160,19
135,15
7,12
175,7
37,6
70,2
100,12
43,1
188,18
78,10
40,14
52,15
122,14
107,1
105,12
109,13
161,18
15,10
184,7
102,12
169,6
80,14
58,12
124,19
186,12
112,10
147,13
108,4
19,20
70,3
143,1
197,6
93,2
179,5
74,11
151,5
33,10
65,11
23,1
49,3
161,5
108,11
145,3
49,3
184,11
58,7
99,13
93,12
71,7
176,7
9,10
134,10
1,9
40,4
168,7
25,18
56,11
171,17
159,16
11,11
8,8
57,1
192,13
154,12
47,12
148,15
9,11
79,18
125,20
140,9
182,4
122,2
186,14
177,9
97,8
95,18
39,12
140,14
132,4
78,8
5,19
137,2
188,4
3,7
99,15
175,9
129,19
49,4
127,18

138,14
26,14
0,9
4,6
98,6
152,16
111,14
183,11
67,2
120,6
1,16
29,7
186,19
131,9
118,5
77,20
192,4
75,12
2,1
62,1
164,3
153,13
29,14
177,2
8,1
147,7
160,5
122,10
172,10
67,18
2,8
37,9
190,7
90,11
50,11
150,18
178,14
22,12
46,2
198,4
161,2
152,2
147,15
7,11
165,19
76,9
52,1
29,6
51,5
128,4
127,17
108,17
68,19
140,15
134,20
24,16
92,18
187,13
114,13
40,16
120,3
136,7
191,1
160,9
67,2
97,10
99,2
103,2
137,9
137,19
92,18
105,11
176,14
121,17
146,14
188,9
197,18
167,15
72,18
101,13
181,19
62,16
52,13
143,1
194,11
168,6
163,7
30,6
29,16
105,1
23,19
149,8
111,10
145,5
184,13
36,8
9,18
175,3
151,4
20,10

148,3
12,14
3,1
65,14
149,6
4,19
183,17
192,11
179,20
181,18
14,4
38,16
163,6
47,15
155,13
29,6
100,2
8,11
153,7
70,15
42,9
64,10
139,6
80,3
150,4
192,3
4,12
80,1
128,14
26,11
101,5
69,20
148,15
166,2
38,2
180,5
31,7
68,19
20,16
131,2
8,1
177,7
0,13
49,2
58,6
75,13
25,6
173,4
1,15
92,5
135,19
0,5
161,6
37,1
53,7
104,13
124,14
130,18
196,2
33,7
120,17
140,13
60,18
11,8
36,20
195,5
182,14
73,8
119,20
186,14
76,4
0,10
58,1
95,13
189,13
67,6
44,16
58,11
168,3
126,19
164,14
120,15
103,11
164,6
62,10
179,12
22,4
73,11
49,19
93,9
143,8
33,6
52,7
129,13
23,17
189,9
141,19
82,4
172,10
140,2

94,11
186,2
93,8
21,19
1,3
170,17
44,10
70,9
167,15
34,14
38,4
91,20
155,9
29,16
82,20
136,13
138,2
115,7
111,9
83,16
41,17
32,2
81,15
81,17
136,9
136,15
13,20
171,10
82,13
152,20
74,17
34,20
110,15
151,15
73,5
147,12
156,19
136,8
1,2
72,18
90,14
60,5
86,5
129,4
2,13
138,14
177,19
185,15
190,9
63,19
151,7
131,13
77,19
21,14
165,10
23,14
24,18
71,11
25,9
166,18
8,1
49,14
165,16
139,11
178,15
87,8
0,7
181,19
121,11
145,5
75,12
167,2
116,4
173,16
132,1
119,8
187,4
9,15
105,7
117,14
31,19
176,6
99,13
54,20
29,16
184,12
154,1
21,16
153,4
120,17
116,18
164,12
41,10
197,4
103,11
82,16
136,8
194,10
58,18
144,15

93,4
85,15
30,17
139,5
161,11
42,5
82,8
117,10
189,2
99,3
200,14
16,14
120,8
91,11
116,16
146,17
121,18
11,18
120,13
151,6
162,16
104,14
141,18
130,10
124,20
167,14
11,15
72,2
198,7
74,11
120,2
13,17
28,14
86,4
69,15
139,4
76,2
193,14
92,13
180,8
143,20
51,6
121,3
3,9
70,2
91,3
86,4
76,15
167,1
30,3
108,20
52,20
50,15
153,14
38,10
188,14
0,6
178,3
188,15
124,13
128,13
137,18
75,4
176,7
133,5
179,17
70,19
96,17
105,9
17,13
0,6
32,15
189,12
81,13
30,7
15,2
199,17
106,4
37,11
96,19
146,15
153,9
93,20
164,6
50,5
107,17
199,6
29,3
193,3
188,7
175,16
108,18
178,18
13,13
24,4
108,18
0,11
79,15
145,2
69,5

90,4
31,14
133,8
25,4
193,16
114,15
195,5
29,16
148,20
0,20
185,9
157,17
42,12
128,14
137,9
120,20
153,14
6,10
162,10
45,13
37,15
104,8
144,12
71,5
57,2
99,3
32,2
60,6
81,13
98,17
18,13
7,15
197,11
44,18
113,12
126,10
16,2
101,4
38,13
8,3
87,20
126,14
7,6
169,6
48,17
183,14
160,17
51,20
190,5
192,4
12,16
197,6
17,13
184,19
88,20
86,6
94,20
197,15
185,10
64,12
174,16
127,11
106,3
3,11
180,3
107,4
156,12
60,2
50,17
95,10
172,10
68,19
12,1
17,3
133,13
40,3
25,19
4,7
142,10
27,18
37,17
197,8
15,3
2,9
32,5
144,11
85,19
37,19
125,11
175,4
31,6
77,2
100,18
37,19
12,9
36,7
199,7
191,9
63,16
116,18

159,15
161,13
23,18
55,14
122,7
72,4
42,17
78,15
126,2
75,16
66,18
133,4
64,4
84,6
60,19
45,5
6,4
34,14
145,10
83,14
122,11
79,4
53,5
68,19
149,2
195,14
63,14
62,20
54,10
148,15
73,8
94,14
51,20
114,2
36,2
63,4
118,15
189,3
35,14
109,11
121,15
183,19
181,5
174,1
11,18
56,14
151,6
165,6
153,13
113,4
61,18
127,3
22,15
1,4
63,2
121,18
26,14
50,4
137,4
137,16
160,18
44,3
124,11
29,7
57,16
112,10
83,9
186,17
65,5
21,16
188,18
118,20
3,1
144,14
59,18
196,14
187,15
150,8
170,18
82,13
99,14
198,12
175,4
176,1
49,1
13,13
112,5
24,19
117,1
135,7
113,17
45,13
43,18
14,13
54,12
138,14
132,12
148,2
118,10
31,2

159,15
104,18
143,15
22,17
92,17
104,2
131,4
23,10
89,6
27,15
8,6
124,10
46,16
87,16
81,6
121,1
103,9
15,12
65,8
183,2
154,18
13,3
94,2
155,16
82,10
118,20
19,6
195,20
73,1
178,8
75,16
173,19
55,6
162,9
138,15
111,12
16,20
75,4
199,6
200,3
92,7
199,6
31,4
92,14
60,18
125,9
162,2
142,15
181,3
24,20
69,3
154,20
87,19
54,1
3,17
82,3
25,17
122,11
68,17
177,14
129,12
101,5
61,15
56,3
143,20
79,9
55,16
130,14
101,6
170,14
153,6
185,15
177,18
107,7
86,5
2,3
53,15
103,1
108,12
166,17
46,17
146,8
65,17
6,15
79,17
174,1
114,2
10,20
106,16
115,1
77,19
179,16
92,3
124,20
102,7
155,2
83,17
93,9
21,1
45,5

118,2
177,19
10,11
76,2
166,9
19,12
132,7
78,16
55,1
84,5
177,6
131,7
87,17
6,7
160,17
3,13
89,15
137,5
27,19
67,3
33,9
146,20
77,6
13,5
22,16
63,9
143,20
6,20
99,4
161,16
4,10
59,12
118,12
187,7
123,19
99,5
32,4
169,2
119,13
81,5
13,14
95,8
74,12
99,4
81,16
43,10
25,8
8,19
143,3
103,3
26,17
28,1
1,16
10,1
65,4
150,14
123,7
146,1
66,4
45,7
191,19
153,13
140,12
64,5
57,5
129,15
159,17
87,12
169,2
133,10
35,14
183,2
38,19
182,18
84,6
191,19
132,4
41,17
120,1
139,18
10,2
75,9
126,14
41,7
93,5
186,14
5,1
22,6
93,16
192,20
104,4
149,7
86,2
81,10
66,15
50,18
82,12
13,14
172,11
109,14

67,9
67,7
163,1
146,14
16,17
84,6
128,19
184,10
43,5
46,15
119,16
104,17
49,9
147,10
41,12
130,16
151,3
4,17
37,11
29,8
3,19
125,20
90,5
41,1
76,14
47,8
131,15
199,16
57,11
142,13
75,10
132,17
102,11
75,1
110,11
175,11
6,1
178,7
172,6
104,16
27,10
28,12
86,12
126,6
183,9
83,4
181,12
121,5
49,5
192,5
143,13
31,13
39,16
92,18
66,12
90,17
45,13
44,9
24,3
52,4
114,7
175,14
162,14
165,14
87,8
96,15
168,12
174,4
104,19
8,10
6,9
42,15
200,10
123,19
26,5
130,5
131,2
60,5
62,1
187,3
86,13
39,5
13,1
7,9
140,6
108,12
108,8
52,9
135,17
115,12
195,12
122,19
176,9
156,18
84,15
35,17
60,10
111,7
4,13
174,2

138,13
18,17
47,8
14,11
10,18
92,12
175,14
169,7
122,10
123,12
109,12
193,10
177,19
143,14
7,19
120,12
102,5
160,7
118,4
65,19
132,19
111,3
21,16
57,12
128,15
96,7
159,5
166,2
127,12
67,18
181,13
75,17
173,11
15,8
30,9
142,4
114,19
95,8
200,8
2,18
90,14
190,12
176,12
113,8
60,4
77,14
120,2
138,12
185,6
95,20
1,20
186,5
85,10
139,20
74,1
113,1
197,16
127,17
15,13
146,3
141,15
13,10
105,3
105,10
137,18
86,2
37,3
4,20
45,13
0,16
47,2
15,2
80,6
9,6
111,17
94,2
96,7
40,13
8,4
182,8
94,14
73,8
198,17
167,9
96,4
24,1
95,14
153,17
156,10
30,18
190,17
180,16
75,10
120,6
30,11
166,6
109,18
103,13
40,13
182,16

143,8
147,15
165,12
11,16
195,7
112,2
133,15
88,20
29,19
59,4
48,20
55,18
97,8
133,5
76,12
31,16
183,4
101,14
77,19
20,17
74,4
83,14
119,16
149,10
178,12
114,17
94,13
97,11
65,11
126,16
163,14
98,2
166,15
8,13
185,8
188,18
158,19
39,19
128,4
92,19
159,19
130,12
30,10
13,19
111,18
165,12
69,12
37,12
38,10
174,12
139,16
110,12
27,5
119,3
84,18
134,1
41,18
195,16
32,16
123,15
132,6
140,9
182,9
134,17
175,9
186,9
127,10
127,4
200,2
110,15
123,10
85,1
147,5
139,14
40,9
123,14
133,5
84,5
157,8
113,1
121,8
32,8
76,1
56,7
79,9
84,20
122,5
179,8
86,16
164,18
154,12
125,19
160,18
129,9
152,14
182,7
99,15
173,14
134,5
104,17

177,1
73,13
108,8
12,17
142,5
185,19
174,8
32,18
137,10
81,11
170,2
140,8
102,6
136,8
196,3
124,7
116,12
15,4
48,1
92,6
159,13
107,5
93,2
29,11
146,4
167,4
170,18
79,8
146,20
59,13
98,7
128,3
17,10
27,20
30,18
175,15
15,9
80,1
52,13
134,8
76,14
33,18
184,13
16,19
162,8
2,19
155,8
163,9
53,17
105,3
161,3
4,19
191,6
76,20
34,13
183,20
47,17
199,7
48,1
13,12
56,7
46,6
110,18
82,17
160,19
182,1
31,14
65,8
77,15
123,1
19,20
4,12
58,2
133,13
0,14
195,3
187,12
190,14
159,17
111,4
79,10
119,15
47,12
97,20
156,5
81,16
176,14
72,8
13,2
31,18
19,6
51,8
100,6
52,1
42,5
50,4
197,10
90,13
23,6
195,2

195,12
88,3
149,6
134,9
98,19
142,17
185,4
105,5
48,9
17,16
21,14
141,5
50,17
136,20
172,19
40,19
131,19
160,15
141,2
1,6
40,12
47,15
173,7
11,7
197,12
72,12
189,15
119,3
136,18
151,12
147,13
169,1
104,13
168,7
102,2
150,16
98,20
23,10
166,3
21,16
168,5
116,3
188,16
161,3
161,13
15,2
142,20
191,8
177,8
31,5
98,17
137,5
34,1
16,18
68,10
101,9
143,6
40,3
63,5
37,12
57,18
176,9
68,6
70,19
132,12
151,13
126,9
76,5
90,20
99,2
89,6
175,1
195,13
39,20
17,5
123,20
177,4
179,5
196,3
105,3
17,4
115,8
99,9
189,3
69,4
39,3
60,14
122,5
148,18
120,8
2,3
144,18
5,3
195,16
194,3
145,2
96,4
138,1
56,15
182,12

20,13
118,6
144,20
24,5
8,20
168,5
15,6
83,10
13,10
189,14
15,11
122,8
78,6
95,4
162,17
8,10
4,2
44,8
11,5
165,9
142,18
74,3
2,15
176,6
2,7
23,15
99,7
46,11
134,14
181,16
90,11
2,20
76,3
129,7
60,18
158,6
24,15
134,17
26,5
1,18
20,16
91,7
171,19
65,18
183,4
88,9
100,10
16,4
144,9
88,6
106,1
187,3
58,18
190,4
88,20
146,14
57,17
144,1
135,16
184,9
127,18
20,3
72,1
163,19
24,13
148,4
198,13
27,9
194,2
12,6
39,16
83,17
162,18
141,9
151,14
193,5
179,9
93,20
96,10
43,8
60,17
122,14
156,7
128,20
156,20
42,19
181,7
153,10
70,20
191,11
177,5
166,8
138,4
52,16
121,5
125,12
111,2
45,2
153,19
2,3

30,4
96,10
45,9
151,18
4,3
48,16
107,1
153,4
43,7
97,4
136,14
94,6
84,20
149,6
112,11
76,9
36,2
35,19
88,19
75,1
68,16
26,12
120,16
129,5
41,17
166,15
135,8
60,14
140,12
26,10
153,8
9,5
30,20
21,17
62,3
129,8
131,18
105,6
167,10
101,14
155,10
15,6
110,16
186,11
111,3
163,9
186,18
10,11
96,20
86,7
8,12
173,20
117,19
24,17
149,9
98,2
64,6
149,16
149,18
35,4
130,19
74,11
47,10
104,15
114,2
50,6
181,4
41,4
32,13
142,1
96,16
103,13
160,4
165,9
193,15
176,8
187,1
79,18
147,9
70,13
131,2
106,8
30,11
121,18
33,11
62,17
106,3
190,7
117,17
159,20
147,10
144,6
63,6
134,8
82,15
138,3
143,10
82,5
149,17
193,8

9,17
57,2
80,3
60,3
156,16
45,16
48,1
154,14
136,9
200,10
11,17
182,14
193,14
68,19
41,10
183,18
39,10
84,15
126,7
36,14
51,16
124,19
100,8
182,8
193,9
154,4
143,1
79,12
181,9
91,2
87,6
157,6
147,18
177,9
101,9
106,15
32,13
40,14
136,7
135,10
84,12
169,6
23,4
18,4
133,8
169,9
140,10
140,13
194,18
147,11
52,13
101,9
162,16
45,8
172,1
50,15
127,11
148,19
169,9
32,18
115,11
156,19
122,12
150,19
158,14
181,9
78,2
99,5
182,16
119,13
147,20
113,2
64,8
72,1
132,16
42,11
128,7
169,9
182,14
129,4
192,2
145,2
68,20
64,5
163,16
64,19
32,5
141,11
191,17
55,16
143,14
108,4
129,15
44,10
184,10
174,4
77,11
121,18
167,8
142,17

153,3
0,4
0,3
33,19
122,15
174,6
41,9
67,11
26,16
193,2
72,11
44,9
193,17
132,9
110,10
81,8
104,11
86,20
199,10
162,7
90,4
88,17
47,19
26,12
165,13
84,19
21,1
164,14
46,17
126,5
139,14
14,13
185,2
76,16
131,10
70,17
87,6
136,1
182,3
180,5
98,3
116,4
142,14
15,9
79,20
34,19
169,16
120,2
42,9
3,15
114,7
38,12
181,15
191,5
24,19
157,18
8,9
142,7
65,15
151,7
53,20
200,15
58,4
82,14
114,7
53,9
144,3
169,20
4,10
113,19
164,18
71,2
117,14
76,20
168,15
109,17
99,1
26,13
105,19
141,19
146,13
22,12
123,1
141,15
62,11
127,4
187,9
130,3
178,19
83,20
189,3
50,4
116,14
79,20
16,1
105,6
108,6
13,6
68,10
85,20

146,13
167,10
99,2
175,10
174,3
28,7
144,2
187,14
82,6
139,11
160,8
22,4
172,8
38,10
197,2
124,12
17,18
163,3
161,2
143,12
86,14
21,17
13,18
70,11
149,4
57,4
128,20
40,11
10,9
12,16
15,10
79,11
138,18
152,20
91,20
49,9
159,1
136,3
172,7
171,4
160,17
112,13
26,20
30,3
169,18
141,18
109,17
104,19
125,3
99,17
102,11
2,7
49,7
143,15
168,1
158,4
61,14
67,5
100,11
49,4
45,13
135,16
57,4
78,2
82,10
101,1
53,15
36,16
184,4
10,16
108,11
144,18
66,10
131,7
129,19
182,5
194,11
170,18
163,9
148,13
5,15
103,1
103,9
148,5
20,15
156,5
57,1
153,10
109,5
85,11
167,14
22,4
36,3
154,4
104,7
106,8
151,8
144,12
144,12
146,8

101,8
110,19
43,7
8,13
7,11
129,14
56,14
147,10
168,16
115,4
13,2
68,18
185,5
108,13
199,1
63,9
113,10
96,3
152,9
140,8
93,11
114,3
162,3
176,14
5,3
98,1
52,1
90,19
108,7
69,3
154,14
90,15
184,13
111,11
179,19
70,7
19,1
196,17
95,5
126,2
177,18
24,18
129,6
88,12
143,13
161,8
136,18
52,8
178,3
169,5
91,12
55,14
55,18
57,6
105,3
26,19
109,17
22,4
181,6
187,7
28,11
189,4
127,19
160,2
77,20
127,18
0,16
136,7
31,8
86,3
143,6
189,5
135,17
22,3
114,9
108,6
49,1
68,9
187,18
112,13
173,11
38,16
163,12
114,3
190,20
180,7
186,3
127,4
104,18
105,6
132,8
21,3
29,5
107,9
139,15
148,5
128,17
182,11
168,20
175,12

95,12
136,6
80,3
30,14
19,1
159,9
61,17
183,17
126,1
15,9
64,10
17,3
128,1
29,2
164,6
124,19
158,7
65,13
200,6
115,18
65,3
128,10
160,14
104,12
82,1
164,20
18,9
43,2
194,2
112,8
151,4
149,7
50,10
4,1
76,19
125,13
187,10
1,12
168,19
112,1
117,10
48,11
174,9
80,12
200,18
54,3
139,16
74,2
200,15
148,3
197,17
166,1
173,12
14,14
107,1
146,10
198,18
57,11
39,10
27,4
65,3
51,16
134,1
0,6
46,18
85,4
184,2
109,8
54,4
56,11
175,8
14,18
46,6
194,9
190,5
56,19
191,5
75,5
48,20
119,7
111,18
159,20
104,1
19,1
56,11
169,18
152,20
194,2
136,3
153,11
114,13
53,18
88,15
179,4
60,20
1,4
8,8
159,11
186,4
43,14

194,13
122,17
3,5
149,15
117,3
24,16
194,2
166,7
164,10
66,11
119,13
91,11
148,13
20,1
194,20
133,10
15,8
71,5
102,17
77,17
19,20
165,11
172,20
162,1
163,19
64,15
82,11
143,14
182,9
27,16
200,20
184,13
84,12
159,4
21,16
59,19
176,12
149,18
148,19
88,9
35,5
114,12
187,7
77,7
151,10
66,9
115,18
51,1
91,15
51,6
188,3
95,1
136,19
118,5
116,5
146,6
188,11
153,16
45,14
141,4
144,7
106,11
134,9
196,9
56,9
169,16
105,5
167,10
111,11
7,18
194,1
126,3
6,2
37,9
40,13
134,12
6,1
118,13
24,6
193,15
63,13
24,10
52,16
163,11
149,14
183,18
131,15
72,18
102,20
123,20
3,16
24,8
161,13
120,5
17,17
56,8
176,3
116,14
128,12
15,20

61,3
137,20
82,14
32,20
96,18
74,13
174,13
106,19
31,14
79,13
111,5
198,15
198,13
104,15
168,20
134,1
37,4
84,1
150,17
39,19
9,11
86,7
104,9
6,2
134,2
172,12
111,10
127,11
110,3
174,14
169,16
147,20
152,8
169,4
118,13
41,3
43,4
94,2
60,8
148,10
2,7
180,7
50,15
50,15
119,14
166,8
3,7
57,4
123,12
125,12
61,18
124,17
20,15
151,7
188,1
78,3
96,14
170,20
51,8
95,7
104,5
189,14
145,2
104,13
21,6
85,19
107,1
107,2
176,13
186,4
170,14
131,7
159,2
79,7
98,8
145,4
41,16
133,14
138,13
160,7
83,8
126,1
78,17
83,14
84,14
131,2
198,19
179,4
200,11
64,11
106,10
98,4
187,10
88,13
20,12
190,5
147,11
91,20
58,18
39,13

63,15
104,11
116,9
168,15
2,15
116,16
67,4
73,15
138,20
66,10
185,19
197,4
91,3
90,12
49,13
200,19
127,17
107,2
131,11
70,4
94,9
55,2
111,2
189,5
1,16
172,3
18,18
135,2
68,17
138,8
65,19
47,8
82,1
20,10
181,11
116,7
195,17
192,20
194,17
77,6
124,13
57,19
195,10
27,15
195,6
58,12
35,17
144,1
193,6
153,1
22,19
28,9
159,4
110,5
172,1
86,10
73,6
93,12
125,7
76,13
57,17
152,3
48,8
145,3
86,14
25,1
67,10
83,3
106,5
139,19
45,9
142,1
22,19
44,4
39,18
190,16
58,12
155,16
5,4
153,14
171,13
23,5
145,14
32,20
158,6
134,3
124,16
73,3
56,9
50,14
23,11
105,1
179,12
5,4
92,4
60,15
189,8
186,20
149,9
53,12

5,5
146,7
52,4
182,7
18,4
147,1
193,9
65,1
134,8
62,15
117,5
97,10
87,10
94,14
192,5
146,6
188,5
68,5
124,20
21,11
150,6
131,1
69,5
172,7
12,6
192,1
2,5
150,8
109,3
94,10
148,12
12,19
132,13
36,17
46,19
129,18
76,2
196,11
132,15
109,7
143,11
171,13
28,13
188,7
66,13
15,15
42,9
52,4
120,8
164,1
160,8
60,19
9,7
112,11
72,9
87,20
86,7
64,7
103,19
49,8
186,17
190,16
184,13
92,5
84,8
57,19
81,18
0,9
132,7
43,19
145,3
122,8
48,10
96,14
79,11
135,16
61,5
175,6
24,16
75,12
4,20
100,4
114,15
21,4
197,5
197,8
130,8
172,19
73,19
194,1
147,6
101,9
73,11
149,4
103,9
90,5
36,8
107,9
167,14
189,7

161,13
95,2
38,14
45,14
116,2
126,14
117,16
181,1
200,19
116,8
98,14
35,1
196,8
111,9
162,18
47,14
60,16
3,8
96,7
74,8
51,5
55,8
5,8
65,14
189,13
110,7
18,14
129,7
102,10
64,20
141,1
119,5
181,16
73,10
30,18
148,6
182,6
176,6
155,2
144,19
172,9
77,11
174,3
195,3
122,9
65,20
99,6
76,8
78,16
200,12
56,12
83,18
193,6
82,17
89,11
21,3
71,10
180,5
92,7
109,15
13,14
40,12
160,13
175,19
89,18
118,8
44,19
36,8
101,1
158,17
174,19
86,6
5,20
0,5
135,7
20,20
128,11
14,18
186,16
23,17
174,11
138,17
194,18
157,11
82,15
158,6
6,9
154,4
149,18
74,15
109,9
147,2
110,8
119,20
185,18
24,4
188,10
174,14
111,9
158,16

112,20
89,8
182,4
7,15
106,8
36,8
193,4
92,14
199,13
24,10
142,13
20,18
7,4
63,10
109,17
145,10
165,4
53,1
19,18
98,20
70,12
96,3
97,20
122,3
163,19
105,16
22,7
101,5
24,15
44,11
185,4
123,8
113,6
145,11
68,10
160,6
117,12
146,9
77,5
83,4
116,19
34,11
25,4
8,5
175,3
105,11
3,14
39,12
153,4
1,1
138,10
23,4
9,10
35,6
77,14
9,14
158,12
57,4
111,9
2,14
149,5
130,19
153,10
97,20
10,9
22,9
186,14
66,20
173,8
9,15
166,1
137,16
142,13
119,3
194,9
55,2
134,3
13,17
199,2
158,6
16,8
143,17
108,13
54,14
41,16
85,19
152,11
192,13
68,12
138,9
6,10
181,17
190,15
31,2
60,3
166,16
117,6
145,13
107,4
157,7

179,4
17,4
84,20
38,3
169,1
125,4
2,18
32,14
52,13
23,19
26,8
52,12
35,6
34,10
191,7
52,8
89,19
107,5
103,19
134,19
39,7
10,6
151,19
136,7
192,9
145,20
193,6
43,14
156,15
178,13
195,17
70,8
51,13
41,3
163,11
193,19
182,4
157,15
181,5
123,6
59,14
25,10
66,20
194,6
146,15
121,14
84,18
119,11
74,10
111,18
10,8
125,19
181,13
24,2
68,14
151,11
181,3
109,2
166,15
45,10
129,3
176,9
39,5
139,9
52,13
46,12
96,17
116,1
68,19
30,20
135,9
93,4
37,1
95,9
155,14
183,9
158,18
6,3
163,20
18,2
199,5
162,16
13,13
161,20
152,16
173,4
90,19
56,7
3,20
39,9
149,14
6,5
193,2
156,16
10,19
23,10
29,1
61,6
144,11
130,19

84,16
138,13
24,8
51,18
147,9
189,4
153,5
42,2
84,1
116,8
137,9
36,10
116,4
12,5
113,2
43,15
184,13
83,18
92,17
80,19
158,18
81,14
170,9
189,1
22,11
193,16
16,2
119,7
4,15
85,3
156,3
122,19
117,17
148,16
147,2
155,20
21,2
117,20
164,2
150,16
152,5
75,12
171,13
165,7
39,19
43,10
64,1
12,4
96,6
193,17
129,15
30,8
91,15
130,5
61,10
78,15
24,17
194,19
2,14
127,17
38,1
27,16
73,4
44,9
107,7
176,5
154,9
41,5
197,5
3,7
86,7
93,13
145,18
147,10
175,13
0,16
105,20
108,20
47,1
184,13
8,17
117,11
52,20
179,11
48,7
130,2
148,6
163,6
38,10
180,20
159,2
38,2
73,18
148,7
122,14
81,2
189,18
65,17
92,4
36,5

88,7
181,11
93,14
136,3
193,16
139,9
87,7
12,9
122,19
46,14
67,18
132,7
111,16
129,11
134,6
50,4
181,11
23,1
57,18
130,9
152,14
156,10
96,1
94,11
122,17
88,10
134,19
91,15
181,15
8,13
146,20
120,3
83,11
83,1
176,14
57,19
186,6
100,8
0,16
47,19
72,18
21,20
117,20
169,10
160,2
22,9
185,1
49,18
15,15
30,1
133,17
165,19
182,16
137,7
104,16
50,12
78,12
160,11
18,8
22,2
197,11
186,13
72,1
127,7
168,14
7,16
110,8
8,17
144,13
30,11
79,12
58,4
198,6
112,17
50,15
176,6
163,2
172,10
165,6
99,20
43,19
187,19
192,13
70,4
90,18
183,13
18,1
99,19
157,7
27,7
103,13
46,18
125,13
21,3
114,17
135,6
6,9
91,12
167,11
96,3

183,14
102,13
50,17
132,15
34,7
174,4
40,4
95,19
190,18
70,12
108,17
176,14
128,3
169,13
117,9
125,1
110,3
106,9
45,10
9,12
33,11
33,20
146,17
126,17
13,13
137,18
32,6
129,8
137,5
31,11
111,5
160,4
191,2
25,3
17,1
196,6
183,18
1,20
142,14
42,8
66,12
103,17
155,8
146,2
158,19
115,12
39,16
11,3
145,8
71,18
5,6
62,10
15,11
154,13
195,19
41,15
133,10
28,14
75,5
1,13
44,12
183,10
26,12
114,6
183,2
110,19
92,6
117,11
144,7
72,7
165,14
23,15
58,8
83,13
104,7
138,10
19,16
66,11
177,14
112,17
131,10
146,9
62,7
122,17
34,9
188,14
167,2
39,4
124,11
31,3
68,2
12,16
11,16
18,16
177,10
169,8
120,19
187,14
109,15
169,6

2,12
125,16
74,16
115,11
62,19
28,11
54,10
56,14
164,11
18,14
114,19
58,15
85,17
135,16
28,17
43,11
102,4
140,5
135,1
66,4
134,2
1,15
38,16
52,13
197,11
46,2
22,16
121,12
197,1
95,14
43,8
26,6
129,18
27,18
171,18
189,3
112,3
11,11
142,10
5,9
185,18
160,4
176,12
124,15
15,4
14,8
197,10
42,10
149,11
157,8
165,16
177,15
67,1
126,12
147,2
24,20
81,1
7,1
86,6
161,9
140,16
129,19
160,13
190,15
145,1
92,6
164,5
146,17
54,12
94,20
167,8
91,5
163,10
139,9
10,8
30,1
48,2
9,2
154,16
14,10
14,15
7,9
27,19
43,8
32,5
136,17
55,4
32,1
36,19
6,1
181,13
183,13
0,10
34,19
16,2
125,13
61,9
25,11
38,8
176,3

146,8
16,17
65,1
176,10
149,8
185,18
185,1
104,18
184,19
31,13
94,18
193,9
147,7
150,19
67,8
165,18
149,12
16,11
197,16
6,6
165,1
48,1
184,18
108,19
107,14
155,19
151,16
12,18
184,6
81,3
23,2
187,7
177,17
10,19
38,6
1,10
56,19
87,13
54,7
195,19
81,3
80,19
15,2
22,15
78,14
181,1
76,2
179,2
157,17
74,7
57,3
2,11
104,5
197,15
130,4
156,7
192,14
115,2
9,15
156,6
128,6
196,19
59,19
27,19
142,2
78,7
6,19
29,7
8,5
179,15
31,8
64,3
41,12
187,19
161,6
111,5
83,20
143,16
185,14
108,16
122,8
68,5
49,19
130,1
196,2
58,18
162,5
33,10
22,13
111,8
173,4
132,18
31,4
68,2
194,15
30,20
171,20
195,6
174,2
129,6

1,13
55,15
143,11
200,11
111,1
166,18
200,14
13,13
27,7
4,4
132,19
158,17
123,19
79,8
86,18
43,7
115,9
111,1
39,18
177,3
89,4
140,17
85,1
189,7
30,8
144,20
88,6
200,17
136,1
85,10
11,11
110,16
200,14
75,5
148,4
181,4
120,17
182,16
179,7
66,11
164,15
4,15
45,8
180,19
71,2
100,18
175,16
56,11
47,6
74,2
131,9
154,14
52,9
49,16
72,4
81,6
129,7
146,5
108,6
82,7
104,7
185,2
61,3
80,7
165,17
32,12
60,9
162,2
78,15
138,18
174,14
188,12
158,18
159,18
61,6
93,7
152,16
3,10
60,14
166,17
151,18
135,15
155,10
69,17
92,6
180,5
143,19
132,5
179,5
47,12
142,13
157,6
50,4
40,20
55,1
27,13
111,5
140,9
12,2
157,14

123,18
140,1
123,12
112,16
123,18
48,8
47,20
141,6
93,16
187,17
184,13
7,9
68,17
183,5
18,5
90,9
192,13
97,1
92,16
115,2
63,10
76,15
140,11
155,8
27,9
177,14
80,13
58,16
193,5
155,13
41,8
180,10
146,5
134,12
85,16
131,13
114,2
122,20
96,4
170,16
22,1
171,2
139,15
38,2
69,15
58,5
27,18
122,18
78,6
0,12
91,17
124,18
35,12
41,10
92,18
150,9
117,16
137,11
174,6
158,16
145,5
167,11
189,9
61,12
176,18
67,15
32,13
154,12
65,18
77,1
89,16
98,12
114,1
143,19
108,16
168,9
192,11
169,4
5,9
86,18
132,16
44,13
104,8
60,15
138,19
103,3
169,11
70,1
119,20
116,17
162,4
86,6
198,16
96,6
33,3
35,9
115,1
168,6
172,15
192,15

128,2
35,5
151,11
48,12
182,12
134,6
100,20
36,18
13,18
100,16
79,13
3,20
122,1
117,14
94,7
147,8
179,3
48,9
195,13
171,5
155,12
75,10
89,8
16,15
75,8
65,11
98,14
64,15
25,5
46,10
167,20
74,12
89,10
136,20
9,20
129,20
146,19
193,2
53,18
120,12
42,14
146,12
163,7
141,5
33,17
140,19
138,11
43,10
106,15
144,16
29,4
98,10
17,16
72,11
161,7
166,7
77,10
177,13
38,20
193,6
138,1
146,20
184,18
197,11
115,12
175,10
16,17
23,20
75,5
0,17
104,2
15,7
166,3
111,5
96,12
6,11
105,4
52,3
38,4
144,19
139,12
75,9
130,16
2,3
42,5
166,4
1,10
100,14
180,10
43,10
173,3
48,20
61,14
38,2
89,17
75,6
62,7
5,15
67,12
83,18

143,18
11,15
58,17
41,2
27,1
10,20
186,1
179,10
162,17
138,20
189,14
48,1
29,11
177,6
105,9
71,9
135,2
0,9
199,12
162,2
189,14
50,12
26,15
163,17
2,4
115,9
12,16
196,4
64,12
190,19
129,12
157,15
107,2
185,18
25,2
30,6
54,8
42,11
116,11
5,8
150,13
46,13
21,16
17,4
128,15
4,12
66,13
63,1
173,3
108,17
29,10
17,13
163,1
183,9
44,4
14,13
161,8
33,12
139,4
185,16
66,4
30,11
192,5
32,10
26,18
168,9
58,13
122,7
146,11
156,19
30,16
110,14
27,9
104,3
195,15
175,3
127,15
98,12
162,7
144,3
192,4
136,9
34,19
10,3
12,13
196,2
42,9
39,16
133,15
44,12
1,2
89,2
186,8
146,15
147,19
160,4
118,15
129,12
69,15
180,2

123,5
142,11
128,14
120,13
73,14
163,7
117,5
30,9
114,17
7,6
57,8
99,1
25,17
159,17
52,1
161,18
148,18
13,20
90,2
91,13
125,15
10,15
138,1
56,8
2,15
15,16
57,15
139,10
53,16
91,13
131,7
174,14
39,12
24,19
96,17
18,14
13,9
153,19
170,19
183,7
99,1
6,1
35,8
3,6
164,11
105,13
4,2
108,5
149,16
70,13
47,7
133,13
49,1
135,20
54,20
167,4
195,11
196,9
75,2
128,18
172,3
24,11
1,18
61,2
14,6
84,16
3,15
5,12
112,15
175,12
35,6
128,11
57,9
186,18
170,19
155,2
170,5
115,13
180,8
113,20
13,18
33,20
5,9
76,7
41,7
82,8
197,9
67,4
181,13
119,12
124,20
51,5
62,10
69,13
22,12
109,9
38,6
3,13
97,4
169,9

173,16
2,11
13,18
145,4
141,19
200,20
114,16
1,7
54,11
82,20
91,16
133,14
123,13
84,4
105,13
199,9
40,8
157,11
88,8
8,8
199,12
72,10
91,7
119,14
67,20
114,1
143,8
3,14
174,3
34,1
102,12
36,1
9,5
23,5
58,10
66,2
103,19
20,14
137,15
19,19
5,14
146,2
98,18
85,1
36,4
149,20
131,16
143,20
14,6
75,1
43,5
22,7
188,13
48,3
84,17
11,5
4,15
9,11
48,14
74,4
28,15
38,3
145,11
27,6
139,16
121,14
5,13
85,6
39,3
35,11
181,7
143,15
29,5
16,16
46,17
132,16
79,17
120,3
99,20
40,5
43,8
92,11
193,15
27,13
63,2
69,18
198,7
140,17
16,7
161,16
83,10
15,14
16,3
28,18
26,6
166,2
138,4
37,15
81,19
67,9

33,7
101,5
74,16
70,8
115,5
177,11
89,1
71,6
49,3
112,5
21,12
190,13
104,9
148,19
43,12
62,12
193,20
0,2
47,4
81,6
64,6
52,18
171,10
160,2
194,12
174,7
188,11
140,14
72,20
59,6
77,12
10,11
71,17
38,4
34,6
163,16
52,9
138,5
103,20
114,6
120,1
83,13
185,3
86,8
32,3
92,20
71,12
2,17
94,3
61,3
20,17
176,13
141,19
10,16
128,3
94,2
198,15
38,2
84,6
63,4
70,18
140,9
56,16
80,18
167,16
82,19
154,16
1,6
62,15
89,13
62,10
116,3
200,11
112,7
79,14
129,16
102,17
80,14
133,4
193,11
18,11
20,1
68,8
46,9
72,13
13,1
108,20
155,10
183,3
97,6
131,1
39,2
81,13
0,7
27,19
89,15
184,20
27,13
170,13
80,1

49,19
103,6
60,5
171,8
99,16
1,5
164,11
137,20
18,18
142,8
169,19
179,17
194,13
20,14
7,4
127,11
0,15
52,17
144,5
122,4
25,16
140,10
82,2
17,1
53,19
91,18
163,20
27,2
170,10
62,19
186,15
69,17
105,5
54,8
23,4
61,3
133,13
28,3
19,4
197,3
186,8
107,6
32,3
73,7
167,12
155,10
164,8
146,2
159,20
83,15
20,11
45,2
44,15
49,20
8,19
53,15
87,3
120,12
186,4
40,1
51,3
89,10
183,15
119,1
173,20
105,20
23,2
64,4
49,1
38,13
3,14
157,10
30,17
82,2
84,11
19,16
47,14
140,3
79,7
13,10
71,19
74,2
12,2
80,1
109,11
147,6
137,4
3,17
99,10
72,13
80,10
18,6
53,15
14,3
149,14
12,15
50,18
54,18
23,15
119,12

200,2
36,7
98,18
5,15
159,3
97,14
59,7
146,2
179,12
25,1
174,13
103,20
42,8
136,3
147,18
46,15
35,12
1,19
11,3
114,6
167,15
127,4
99,14
182,12
73,12
181,19
151,15
50,15
119,7
56,13
137,11
44,20
106,15
161,10
156,3
93,2
76,10
113,2
146,14
174,16
129,17
58,20
23,12
56,6
82,16
65,5
126,2
67,8
18,3
33,8
167,9
116,19
184,14
154,18
3,7
64,15
11,7
123,3
53,18
44,6
35,14
107,18
104,19
136,15
178,6
174,7
74,7
53,8
61,20
96,4
149,14
28,5
78,13
132,8
75,18
10,18
111,12
105,19
140,15
117,15
193,10
121,4
82,10
176,3
26,1
186,9
34,11
45,3
171,4
191,17
56,19
128,2
148,7
121,12
146,6
30,11
121,11
160,16
99,17
113,17

123,10
85,1
93,15
6,2
3,10
3,14
161,17
4,12
180,4
73,4
194,18
55,1
68,5
46,9
93,5
182,18
119,9
141,17
168,18
165,2
107,2
189,2
16,5
9,20
159,6
16,7
184,17
132,14
99,10
91,19
68,8
61,15
199,20
163,8
143,5
94,13
81,17
69,3
154,20
159,10
7,10
92,16
197,6
169,14
148,17
107,19
184,5
14,8
115,9
11,20
86,4
61,5
51,3
0,9
155,9
82,15
73,16
36,1
174,1
175,2
32,10
89,17
151,18
81,3
178,3
34,3
147,10
156,1
150,19
25,11
161,15
129,16
68,8
94,5
44,7
24,16
154,18
142,5
174,5
101,8
59,4
153,20
107,7
4,2
177,2
52,10
158,18
53,13
143,17
20,9
23,15
200,12
98,1
7,3
195,7
2,9
65,3
164,8
9,2
107,7

19,2
60,15
159,1
129,14
170,6
163,3
198,4
94,4
70,5
147,10
117,12
24,14
191,14
128,16
80,17
104,13
11,12
71,20
31,3
160,1
55,19
132,3
69,12
41,9
80,12
193,19
47,7
106,1
8,13
97,9
142,10
2,11
155,10
153,9
139,13
156,2
192,17
78,10
165,19
29,1
180,5
49,14
90,2
200,7
169,19
90,6
148,11
190,3
122,10
164,18
134,13
89,7
134,10
167,20
96,19
140,15
189,10
182,15
126,3
10,20
136,16
109,2
17,15
44,1
132,11
112,17
153,14
56,7
102,6
0,7
132,12
66,16
185,4
190,6
18,5
36,14
133,2
153,13
161,12
162,4
69,1
145,9
102,12
93,1
59,3
175,19
181,15
75,9
74,15
41,11
193,12
169,16
161,3
82,1
15,17
48,12
41,7
180,14
51,13
139,8

77,19
116,12
182,8
116,16
126,3
186,13
121,16
95,11
158,8
79,18
36,3
47,16
81,16
19,6
2,8
8,13
60,7
191,15
134,3
139,9
65,12
200,15
67,5
43,14
88,14
42,4
175,6
63,10
9,16
199,17
61,7
178,6
87,10
123,6
80,12
101,10
148,14
41,20
156,10
107,3
62,12
10,19
45,15
25,10
79,17
133,5
112,16
47,7
168,19
21,3
144,5
153,20
106,8
32,8
121,3
57,14
109,11
1,18
41,11
1,4
11,14
43,14
165,5
55,2
95,14
25,20
83,14
151,2
36,15
177,2
179,9
71,6
180,3
93,14
102,16
24,16
125,16
79,5
103,12
145,15
196,1
134,19
168,1
170,9
137,20
13,10
34,8
84,11
84,8
43,4
40,19
142,16
83,5
85,14
111,5
69,7
55,16
90,18
38,12
153,8

91,14
187,18
111,15
197,5
103,4
199,2
148,8
124,4
81,12
195,20
38,6
70,11
130,11
35,17
151,14
158,3
52,20
112,1
57,18
93,5
113,14
75,3
119,9
86,5
8,13
33,18
103,20
30,4
172,4
161,17
57,11
97,19
59,16
115,10
34,2
0,7
111,13
82,15
47,2
60,5
184,3
1,6
50,18
92,15
123,10
21,17
182,11
151,6
137,15
47,2
16,20
57,3
182,3
1,5
155,8
103,4
109,17
121,6
172,2
28,5
88,11
26,6
79,12
139,8
39,16
56,15
1,15
126,17
120,5
82,7
142,13
134,14
22,5
40,16
13,5
165,2
196,4
58,18
36,11
154,18
106,9
122,5
179,4
197,3
65,16
124,12
17,10
126,10
17,15
146,10
45,1
145,8
126,10
57,20
180,18
51,2
77,12
82,18
133,2
180,18

141,19
5,11
128,6
109,15
181,11
55,14
155,8
66,6
33,1
131,11
11,7
4,5
108,3
66,6
139,10
184,2
58,5
74,12
111,7
136,13
1,2
136,11
187,7
29,13
175,5
160,20
169,17
168,6
9,11
193,14
25,20
189,10
83,11
121,6
7,4
150,14
192,13
81,16
105,13
139,19
34,12
45,13
164,2
15,10
169,3
170,14
22,18
160,20
121,8
81,8
108,15
12,12
172,8
156,10
30,10
19,5
118,15
167,7
183,3
160,11
19,18
162,12
94,7
138,7
139,1
139,5
44,20
88,8
92,13
86,20
128,20
53,3
66,3
32,11
79,6
57,13
134,15
140,10
81,5
81,18
107,5
39,5
164,5
42,13
38,20
1,12
100,14
36,2
67,20
147,3
175,1
93,17
79,18
115,6
56,8
196,1
70,11
94,17
160,7
196,8

194,11
118,12
70,8
200,15
131,17
164,1
115,15
169,12
3,10
17,8
81,5
8,14
153,5
102,14
47,4
128,20
49,20
169,3
151,16
161,6
47,18
44,17
44,14
67,7
168,3
87,10
50,18
63,18
93,18
143,19
64,5
81,5
23,1
31,11
6,7
178,19
58,18
189,20
192,4
171,4
118,3
156,11
107,16
100,4
184,8
82,18
167,1
156,10
24,6
147,20
74,1
105,13
65,7
142,18
62,2
90,13
75,19
129,8
75,17
12,11
68,2
80,12
39,7
79,16
99,17
193,18
33,9
55,18
45,9
126,8
141,20
52,2
52,16
170,12
176,18
8,5
182,10
189,19
57,5
50,14
76,4
163,2
48,15
96,7
20,20
19,13
1,1
139,14
168,14
0,3
29,19
131,17
171,3
195,12
185,12
17,4
183,13
3,7
88,11
80,12

13,9
118,20
177,14
92,18
148,4
123,9
100,9
81,8
198,8
81,16
186,13
27,14
165,4
55,5
93,11
33,11
142,4
102,2
15,16
32,11
144,17
95,4
144,10
54,14
5,14
104,13
144,10
119,12
132,7
77,2
158,5
6,11
69,14
187,2
128,18
135,6
195,9
7,7
50,12
145,11
117,1
81,4
66,8
135,10
86,18
28,17
165,1
187,20
192,9
94,16
69,16
51,5
140,10
119,8
36,12
15,11
4,10
185,17
49,3
0,9
120,2
122,12
21,18
120,1
60,11
135,12
12,15
53,1
104,4
138,20
70,4
6,8
173,8
148,18
130,13
130,17
74,20
179,18
33,6
141,16
82,18
135,16
59,9
30,12
198,6
172,9
113,1
34,16
29,7
119,13
63,5
48,8
93,16
93,19
195,2
94,19
181,5
57,19
100,18
60,20

55,14
188,19
146,15
32,19
92,20
128,18
189,10
79,20
90,9
187,15
98,16
88,9
36,9
78,2
51,12
176,12
101,20
97,6
170,3
60,19
192,8
156,6
77,12
187,10
87,7
127,3
162,18
26,13
11,17
161,20
122,8
34,6
150,17
15,8
32,17
123,4
23,19
112,13
178,14
50,17
54,13
130,5
187,14
154,15
14,13
30,19
130,6
188,17
114,16
59,6
113,8
163,6
16,9
48,8
130,17
114,9
16,15
76,17
27,18
144,7
75,16
64,16
54,12
129,6
54,7
60,10
162,5
39,8
124,11
124,8
26,19
170,18
64,15
27,4
24,6
134,3
87,18
28,2
124,1
55,14
155,13
78,5
177,16
183,16
156,15
37,4
61,18
157,7
33,12
28,20
128,20
96,6
136,18
99,16
161,13
11,15
59,9
80,17
89,16
97,2

52,3
165,20
158,17
174,13
89,18
163,5
73,16
14,19
6,16
1,13
86,15
158,8
36,8
9,11
66,19
24,16
20,10
95,5
124,6
79,8
97,3
64,8
5,12
130,19
139,16
102,1
193,8
179,8
99,12
155,1
165,5
102,16
27,20
133,11
59,14
28,19
179,8
131,20
42,5
141,8
103,11
153,17
15,18
88,18
126,3
181,10
85,12
153,15
164,18
24,7
185,18
132,14
172,7
121,2
119,12
42,6
160,3
164,17
135,15
10,13
82,9
39,16
47,8
34,20
1,4
96,3
58,13
2,13
118,14
103,18
28,20
13,15
150,10
51,11
157,18
106,7
90,17
160,10
93,13
145,4
84,4
117,13
192,18
88,4
130,1
113,8
132,20
84,2
137,1
190,18
72,14
5,18
167,2
106,15
198,3
129,5
149,3
0,11
160,20
45,4

76,9
27,15
58,4
32,16
149,19
183,11
21,15
99,8
79,19
36,16
165,8
46,8
55,20
199,13
84,13
16,12
82,11
107,14
113,13
177,8
3,6
43,6
144,15
107,17
121,20
119,20
177,4
174,8
39,6
165,9
43,12
10,1
197,6
157,7
27,2
122,5
44,16
189,14
105,12
137,3
198,14
166,6
110,4
58,8
104,1
18,1
62,10
186,14
50,20
20,12
150,14
35,6
48,19
90,10
134,6
47,11
179,2
189,1
78,2
4,2
70,12
72,13
110,14
41,15
161,9
196,20
9,10
93,7
67,19
34,3
141,3
37,11
69,9
157,19
145,16
18,2
162,13
19,9
71,20
197,4
80,11
33,8
157,15
173,7
107,10
33,17
130,13
17,9
74,4
197,6
8,10
55,6
136,5
156,4
49,17
36,16
78,2
47,10
21,7
159,11

165,12
142,15
87,14
182,8
68,2
89,12
128,8
158,7
193,6
98,8
162,10
159,5
177,19
69,12
136,14
15,2
139,10
151,1
63,7
2,17
68,7
58,5
78,3
136,20
179,9
101,6
200,18
181,12
99,6
145,4
23,4
48,2
46,15
54,10
174,19
17,15
105,2
173,13
181,19
64,18
16,19
46,16
200,8
16,20
171,3
56,8
35,11
200,19
53,2
82,11
46,8
124,9
98,18
182,8
156,8
67,1
17,20
142,7
180,15
85,1
62,19
118,5
94,12
87,5
9,18
108,17
119,6
114,8
193,17
139,12
66,12
9,19
48,4
185,14
40,9
147,8
194,1
18,8
58,2
52,4
47,12
157,1
43,8
13,1
40,9
5,11
186,5
70,14
123,15
75,19
183,9
123,8
71,17
174,8
171,7
114,18
12,18
62,15
173,20
155,9

35,9
19,18
103,20
158,9
67,15
118,9
164,16
74,8
141,2
20,7
2,5
23,1
20,8
194,9
191,5
27,3
48,4
64,18
77,6
184,9
155,20
182,13
130,7
131,8
80,4
59,13
81,2
136,5
14,4
6,11
81,4
7,10
172,19
194,5
158,8
169,6
54,18
37,18
152,17
173,6
0,17
17,19
149,1
197,18
10,2
187,7
176,13
8,20
22,16
189,18
4,10
113,13
200,5
158,1
114,5
31,12
66,10
192,12
85,4
9,2
167,9
175,12
69,14
140,12
121,10
108,15
29,12
49,15
26,17
76,12
18,17
173,13
16,16
106,7
173,5
155,5
162,18
89,7
196,15
63,15
196,3
121,8
71,12
15,10
46,6
95,12
109,15
175,8
29,6
176,20
133,8
24,14
172,3
154,16
57,12
27,8
163,14
137,9
91,7
42,7

124,4
183,15
140,5
61,5
178,3
29,1
65,14
80,6
70,5
189,20
199,6
28,4
117,19
63,4
57,9
4,8
176,14
184,6
162,20
199,2
68,4
64,19
174,15
176,13
50,11
198,8
22,20
141,9
44,3
2,14
169,7
97,2
53,10
38,3
194,20
39,7
57,15
5,1
16,10
150,3
197,10
148,3
58,13
157,19
195,11
176,19
178,20
178,14
79,12
46,4
137,2
174,12
94,17
150,8
21,16
94,19
160,4
75,17
73,10
166,12
102,15
187,15
133,9
191,1
163,10
197,8
3,14
169,19
54,2
36,15
183,10
35,18
123,7
113,12
64,15
35,11
56,19
41,16
76,5
58,16
70,4
94,1
86,14
123,20
52,8
63,14
153,17
44,6
167,5
172,9
58,6
164,9
143,6
112,20
84,15
197,5
198,3
117,2
57,14
51,19

83,9
197,6
161,18
38,18
59,14
119,12
2,11
18,8
71,11
168,7
191,19
59,17
109,7
153,13
171,4
63,3
168,18
68,17
96,18
5,10
5,14
128,14
119,13
136,11
50,8
90,9
14,3
181,17
59,11
193,14
183,10
144,7
99,3
62,13
71,4
171,17
3,10
192,13
163,12
106,17
45,8
146,16
83,9
104,11
163,11
172,3
99,14
133,9
129,16
56,16
1,3
162,9
42,19
166,3
160,16
186,12
34,3
139,17
54,10
153,1
190,4
73,4
117,13
5,3
49,15
1,5
9,12
113,7
192,7
19,10
84,13
152,7
101,6
128,7
170,3
116,11
157,9
111,10
154,6
22,2
128,4
2,8
159,19
97,19
47,9
107,20
81,12
48,15
35,2
195,5
122,7
77,13
73,17
101,6
70,19
9,13
84,12
69,12
105,4
2,3

2,18
125,8
185,11
34,14
71,1
100,20
100,16
77,11
198,20
19,3
44,10
25,20
63,14
156,16
95,4
45,6
93,17
23,7
36,2
5,13
59,18
53,8
67,11
15,14
105,17
87,14
191,11
45,20
148,8
78,10
3,2
94,5
46,6
146,3
6,20
175,10
131,15
176,16
69,4
150,6
55,10
20,10
177,17
83,20
126,14
148,19
167,12
131,20
146,20
60,4
114,17
119,8
180,17
27,20
75,6
122,10
191,12
198,12
23,7
105,20
12,4
56,17
132,20
97,3
200,17
166,18
27,5
120,20
95,20
38,17
188,17
80,7
134,4
136,15
17,7
60,6
133,12
165,5
164,12
56,7
186,19
139,20
141,5
20,13
183,19
190,19
54,12
49,7
199,16
139,11
138,15
62,18
0,19
111,16
79,14
191,18
62,12
171,10
40,16
162,12

30,16
96,7
100,2
70,1
52,2
81,2
84,18
94,12
32,1
99,16
47,18
65,3
198,12
28,8
186,8
164,19
18,14
198,2
185,18
6,11
171,14
140,9
167,17
177,8
179,17
41,7
143,20
131,5
123,19
5,18
41,16
168,6
48,14
109,8
55,12
31,5
164,12
3,1
46,15
64,5
27,7
89,11
83,2
45,7
75,12
0,18
76,7
154,19
106,16
106,12
143,3
85,8
5,9
100,15
4,5
65,6
154,6
31,18
114,7
95,2
11,14
178,14
149,18
176,9
74,15
67,11
45,18
194,8
125,5
16,11
123,20
82,16
8,17
161,2
172,16
84,10
187,9
141,4
190,8
18,6
130,9
23,3
107,15
81,9
2,10
197,20
107,16
150,11
62,15
14,6
192,2
5,3
142,3
170,6
151,7
98,16
124,12
15,19
199,4
124,10

70,10
172,13
98,4
171,3
32,20
105,1
34,5
118,1
116,8
79,20
186,6
92,14
104,12
142,15
129,19
54,4
172,3
166,20
157,6
90,12
118,15
191,14
40,9
89,7
109,12
120,4
52,4
15,9
64,10
83,13
57,7
200,5
154,4
82,2
164,14
23,12
60,5
79,16
14,10
41,20
74,17
135,4
174,1
125,15
46,7
100,18
198,9
110,15
4,5
175,9
66,1
97,14
84,11
120,17
61,20
5,18
59,13
83,5
174,20
103,5
32,18
93,2
50,19
144,20
103,4
46,2
149,13
196,19
78,1
146,4
183,13
99,16
142,17
198,18
91,15
77,1
58,9
164,19
156,2
184,20
92,11
23,2
21,3
185,13
58,15
146,4
2,3
18,14
2,20
126,8
142,7
144,17
192,1
35,12
69,5
152,2
7,19
165,15
16,12
193,11

151,5
0,18
77,15
100,1
142,11
186,12
4,3
19,9
143,4
58,8
174,17
68,7
31,19
2,13
173,17
21,2
58,6
49,6
56,4
198,4
115,10
66,14
50,7
167,5
144,2
186,12
140,7
165,2
43,5
181,18
179,12
61,18
179,15
31,14
81,16
184,3
15,12
158,3
13,9
4,5
85,6
187,13
144,12
183,15
125,17
149,4
152,11
155,4
187,1
17,18
163,5
176,5
23,3
11,6
76,17
154,4
72,4
182,12
14,4
19,16
40,14
2,10
176,2
13,2
33,5
91,5
65,4
77,20
158,13
25,11
200,14
138,10
65,5
157,16
60,2
15,14
23,13
175,20
7,6
157,3
188,16
17,18
199,10
166,12
86,4
26,18
101,13
98,18
149,13
25,10
67,19
52,13
183,15
42,13
123,18
6,2
94,3
130,12
137,8
186,4

71,18
152,3
14,4
125,4
87,20
126,5
140,20
86,15
133,6
60,10
59,14
25,20
124,17
0,14
155,3
172,11
55,2
87,3
92,19
144,16
98,13
33,3
196,15
111,14
181,12
25,13
145,11
135,9
38,3
153,14
143,12
181,5
5,7
125,7
197,10
80,17
143,15
57,3
179,15
55,19
163,7
141,12
8,13
192,3
186,17
17,3
71,3
194,2
170,11
165,9
23,16
51,11
5,5
107,18
190,11
98,17
27,16
58,10
66,3
74,1
67,6
84,15
162,5
79,11
100,12
50,16
3,18
62,3
190,13
184,10
2,1
161,10
16,18
65,15
170,5
27,8
191,8
179,9
22,7
153,1
127,18
127,10
120,3
171,13
159,17
24,15
35,13
18,20
110,16
50,18
177,11
23,15
149,13
129,1
163,8
37,14
6,9
34,3
51,1
3,11

70,10
85,7
6,15
99,9
193,2
109,17
42,8
57,1
77,5
109,1
58,16
28,15
195,4
81,6
107,3
17,8
25,1
31,19
193,20
148,4
137,14
12,1
13,4
173,14
74,2
3,3
157,13
27,7
134,20
151,13
82,18
198,4
8,20
40,7
152,2
8,17
44,16
33,2
11,16
181,19
189,16
136,14
139,15
156,12
136,4
58,19
47,9
190,11
123,18
113,18
117,10
141,1
174,15
6,3
85,17
18,12
25,2
90,13
188,6
136,20
106,11
151,2
30,7
11,4
131,4
167,7
2,10
158,3
93,16
80,16
4,5
169,10
115,1
157,17
183,8
15,16
105,15
185,10
109,12
47,2
140,12
113,2
152,18
69,15
150,20
147,13
58,14
150,10
145,13
100,5
64,3
5,10
5,4
95,7
34,18
163,6
29,18
12,3
200,9
90,10

143,8
112,3
164,11
139,17
150,17
1,2
35,8
86,9
152,12
190,20
164,11
163,11
88,3
68,14
120,19
154,14
53,15
99,18
180,9
160,14
84,12
167,7
198,20
53,11
192,18
73,9
77,3
149,19
52,12
106,17
60,11
88,16
120,10
111,15
196,1
169,16
194,19
138,9
115,11
187,8
105,12
92,4
37,11
103,10
12,10
101,11
61,10
169,4
168,7
47,10
111,10
54,18
22,1
20,6
188,16
200,18
99,20
179,14
65,19
139,11
41,14
108,17
120,3
54,3
151,17
55,9
182,14
102,10
56,12
46,4
137,18
166,17
26,7
122,15
48,4
83,12
17,17
179,12
92,7
125,1
132,8
94,14
95,14
4,9
67,3
13,2
173,6
95,19
153,9
147,15
147,7
45,10
168,4
93,18
142,15
84,11
128,17
97,19
134,11
190,15

63,15
91,10
117,9
106,10
94,20
104,17
38,1
157,10
183,13
100,17
106,2
120,2
103,15
39,7
115,9
79,8
49,18
132,11
24,6
187,15
149,19
142,8
74,4
125,7
10,19
168,9
37,14
109,12
131,15
133,2
84,7
96,16
197,12
54,6
154,6
55,1
191,5
151,10
140,11
196,18
184,10
73,8
171,8
156,7
181,7
48,17
72,6
81,9
138,20
122,19
150,17
7,16
128,20
53,13
47,17
184,14
165,6
75,3
22,11
72,3
23,10
143,1
196,8
8,5
149,9
85,5
85,13
80,1
129,4
90,12
141,13
117,19
166,8
86,4
35,7
46,16
127,17
78,15
92,9
93,20
194,20
69,16
169,6
90,6
136,5
15,17
48,18
133,8
125,19
124,2
155,20
22,6
151,1
111,19
37,6
53,16
37,20
188,5
60,12
60,3

135,17
68,17
41,3
42,15
49,9
145,3
112,12
53,3
179,7
145,9
93,17
113,10
170,7
94,17
122,10
85,9
141,2
138,13
44,14
190,1
72,11
114,12
145,6
23,19
139,2
134,14
175,14
158,15
138,15
75,6
54,1
1,15
159,14
198,1
34,11
60,9
20,14
126,10
172,15
38,10
95,13
76,11
53,1
112,13
184,16
26,11
12,20
198,11
188,9
130,11
108,14
112,3
196,6
58,10
81,16
55,12
193,16
173,10
110,2
79,1
189,8
106,5
55,14
108,15
10,14
42,9
49,6
199,3
147,19
175,3
27,5
77,14
53,11
52,5
90,3
161,2
36,4
10,13
96,12
21,5
106,13
132,6
168,7
32,15
5,18
24,4
198,3
54,10
1,3
82,9
194,19
20,10
119,11
12,16
17,3
125,8
157,13
109,11
74,8
177,16

197,12
177,17
18,19
116,3
119,1
30,15
67,4
35,10
51,19
116,20
77,8
138,14
130,20
37,4
50,10
196,5
155,20
174,17
179,12
48,10
23,10
183,15
95,17
122,4
2,13
78,12
83,7
61,14
119,8
102,4
120,10
53,9
35,4
149,6
195,8
13,1
150,16
120,5
36,10
117,2
53,17
157,16
115,1
15,8
95,12
85,8
197,16
176,6
49,9
86,2
154,16
51,8
170,7
197,2
182,8
141,20
99,14
161,12
156,20
69,19
121,10
121,5
173,9
8,3
105,17
192,6
129,2
60,4
21,8
140,8
20,20
135,1
131,17
9,3
95,8
74,15
42,15
156,8
81,19
20,9
120,3
129,4
162,12
85,10
168,12
10,4
69,1
151,13
75,7
51,11
85,18
89,7
117,6
140,3
48,12
77,15
150,14
147,6
151,2
174,16

41,10
143,18
33,17
153,4
121,2
23,18
159,17
41,6
163,16
119,5
91,19
35,9
162,1
30,2
117,10
80,12
122,5
119,1
48,2
175,7
186,2
38,12
47,10
81,4
145,3
79,18
100,15
155,6
62,10
34,19
114,11
78,8
154,14
115,6
59,16
56,12
132,11
105,16
79,9
92,17
121,5
101,16
16,19
38,16
186,3
47,13
180,13
151,20
23,1
48,6
187,13
9,16
59,5
65,9
16,8
90,6
63,7
147,14
172,1
9,16
174,4
112,2
60,8
197,18
46,11
33,4
32,18
64,18
27,20
61,17
188,8
7,20
190,10
151,12
112,12
101,19
133,4
36,8
104,7
200,2
42,3
113,10
1,20
154,9
126,2
181,16
3,1
173,15
122,7
164,20
9,15
137,13
169,19
147,13
78,1
121,12
91,3
151,13
1,19
136,12

125,13
112,10
65,15
161,9
184,9
83,12
41,18
176,18
130,7
125,19
95,17
16,19
130,4
111,7
116,9
181,12
118,14
191,3
99,10
149,11
45,6
121,5
79,16
65,14
111,5
68,9
150,6
157,14
65,4
166,13
56,6
130,16
138,7
64,10
75,13
157,16
1,10
25,13
28,14
117,9
44,14
153,9
95,13
141,18
188,19
16,11
185,8
141,5
67,9
139,8
15,17
178,10
64,10
111,16
110,12
21,16
179,2
83,7
87,4
2,4
159,1
166,19
135,1
195,8
58,6
143,16
110,1
60,6
117,14
100,11
145,15
169,9
37,19
159,18
105,4
43,13
163,17
138,10
190,14
163,20
57,11
16,14
64,1
182,6
81,11
141,5
160,10
72,8
30,6
141,2
129,8
195,15
93,6
98,5
114,16
155,3
199,7
121,18
35,5
149,18

123,6
30,5
25,18
96,18
81,20
134,14
32,7
184,4
92,19
200,9
33,4
91,9
111,5
45,4
54,9
173,4
12,9
78,11
37,14
196,10
12,14
174,8
2,15
78,4
88,18
72,20
66,8
124,10
167,17
158,5
162,7
40,9
130,2
27,1
74,8
77,15
147,17
1,11
192,13
52,7
82,7
185,15
25,7
40,8
93,14
154,4
136,14
176,14
46,4
185,1
63,12
74,7
97,15
126,20
168,10
147,1
92,2
56,6
132,14
184,18
143,10
177,20
87,4
66,2
11,17
88,16
119,18
188,3
59,13
165,3
2,17
152,7
142,15
132,14
8,6
55,2
78,7
132,19
135,15
100,19
113,4
10,16
154,9
39,17
15,14
68,13
189,2
95,13
150,5
48,7
125,14
74,17
198,13
24,3
187,8
118,7
105,15
112,12
117,2
176,6

73,20
149,10
124,16
69,18
86,3
119,19
57,8
22,10
152,12
104,7
120,17
105,17
134,19
81,10
122,6
146,5
192,7
65,8
14,17
191,7
121,19
43,7
36,6
125,4
109,9
8,3
21,14
128,20
195,20
70,6
192,19
126,14
155,3
154,4
167,13
166,14
37,5
26,4
98,4
68,3
27,7
48,10
56,13
49,10
145,10
141,2
77,11
37,10
80,10
10,3
181,5
111,2
18,14
91,15
68,8
145,3
102,17
66,14
22,2
138,14
34,20
148,13
53,16
179,12
38,15
155,12
34,20
105,12
170,18
198,16
90,7
31,19
163,8
139,4
58,6
40,12
11,9
175,13
138,19
60,9
58,9
188,19
39,12
130,2
64,4
158,3
33,5
23,10
22,18
19,5
23,3
133,14
120,1
106,9
172,18
72,13
113,19
85,1
71,14
194,3

52,9
68,6
107,8
48,3
143,4
118,13
82,3
32,6
152,4
133,7
111,14
185,13
162,12
159,17
66,17
70,10
156,11
66,8
15,20
76,9
78,20
64,3
108,9
159,14
199,6
138,20
62,9
57,1
146,5
91,6
136,11
131,1
31,4
151,6
189,5
185,3
137,18
123,15
107,5
70,20
152,6
63,5
173,5
68,2
27,11
145,8
138,16
200,1
72,2
56,16
55,3
21,11
91,20
160,10
90,7
69,15
188,17
35,13
182,4
145,19
62,18
177,18
98,4
68,10
187,8
30,14
181,11
155,9
186,14
149,16
170,20
154,15
79,17
43,13
93,4
163,1
53,19
41,14
150,9
76,18
74,2
147,13
190,5
168,9
6,6
51,3
198,15
194,19
67,10
115,12
38,1
54,3
11,8
163,6
128,5
171,17
97,1
83,16
168,19
137,15

160,10
56,10
63,10
159,6
48,11
142,16
76,1
184,2
185,15
17,17
11,16
21,3
100,9
4,18
69,2
162,19
29,10
3,4
21,14
145,4
103,18
109,19
160,18
45,18
100,7
2,1
126,18
106,11
130,15
6,7
65,14
37,6
189,13
42,2
193,7
55,8
67,17
18,13
113,11
125,11
31,7
26,6
122,19
63,6
5,2
5,12
97,16
14,17
135,16
88,8
5,13
97,16
126,2
44,7
110,4
47,2
45,19
108,17
81,9
78,3
175,2
64,8
85,7
71,10
162,10
22,10
146,4
121,19
64,15
22,12
37,2
175,8
190,6
144,1
161,7
105,15
86,5
72,15
36,13
120,17
46,16
107,18
1,15
148,20
40,5
55,17
56,1
147,15
81,4
147,8
78,6
53,6
192,9
140,9
33,15
4,18
109,11
102,13
66,17
95,14

136,4
47,7
131,8
63,5
167,15
13,7
49,3
38,5
189,11
45,20
116,5
119,4
112,20
40,20
94,15
63,2
158,10
172,18
61,3
186,3
97,20
144,6
93,6
195,19
156,15
49,11
117,16
95,4
157,19
132,4
81,5
56,4
164,3
127,16
54,17
105,5
41,14
173,18
95,19
109,19
63,4
56,10
74,8
95,7
79,6
151,3
99,13
184,18
100,6
33,13
182,1
119,13
97,9
175,17
45,17
149,13
156,5
136,18
175,7
161,10
52,10
120,3
120,11
106,3
108,16
2,5
143,6
195,14
163,2
117,9
97,17
174,16
133,6
49,8
94,6
96,15
189,19
7,6
162,19
86,2
112,2
117,2
151,5
140,19
5,17
57,18
61,11
19,15
71,17
162,6
40,19
102,19
160,11
92,17
36,16
36,2
162,14
162,15
11,13
65,8

78,7
54,5
161,6
46,7
166,16
178,10
53,17
146,17
196,4
25,12
134,10
196,17
21,2
32,19
96,5
82,4
37,17
117,12
22,6
54,10
123,9
18,13
132,1
58,7
93,9
177,12
75,15
11,17
172,3
20,3
22,13
122,16
69,15
42,10
78,8
84,11
38,5
33,12
160,12
13,18
162,20
2,10
103,12
21,12
13,1
121,18
29,11
72,17
7,19
163,4
0,15
100,19
109,13
128,15
167,5
133,4
2,5
173,20
54,14
183,17
166,12
189,11
55,4
72,20
35,9
190,16
116,9
116,12
45,11
2,5
188,17
61,19
191,18
105,3
65,19
200,16
130,7
120,4
102,9
80,1
179,3
173,17
0,13
13,19
18,6
37,7
104,19
36,13
22,8
189,3
44,14
50,5
78,6
42,18
132,10
126,7
152,1
130,1
8,15
199,1

55,7
194,6
106,8
45,15
199,6
113,10
125,8
51,6
103,11
134,4
54,4
78,16
16,6
44,19
62,6
147,2
36,4
109,7
93,10
36,13
110,3
2,6
91,5
79,13
72,7
85,2
5,19
62,12
88,5
54,17
175,20
81,19
178,18
57,18
12,12
150,11
193,13
41,10
173,8
21,8
67,7
101,15
196,3
3,2
99,17
16,15
31,7
173,17
50,3
99,18
83,13
58,9
42,16
54,12
98,19
72,6
120,3
78,18
53,17
154,3
154,18
130,12
103,11
67,17
1,20
61,10
125,6
36,20
199,15
127,20
178,19
61,10
118,9
87,18
93,3
165,7
59,9
163,20
11,4
37,7
156,8
31,3
117,20
106,7
77,20
42,16
127,8
22,13
114,9
53,6
163,15
142,8
13,7
70,19
24,5
114,10
53,5
156,16
108,9
155,19

194,11
108,11
158,4
104,7
63,3
186,15
129,20
23,13
91,18
193,11
114,11
102,9
56,15
144,13
112,12
170,14
163,10
83,8
72,18
35,2
48,11
178,19
117,15
132,7
166,19
60,5
21,19
83,5
20,11
169,19
188,13
36,4
93,7
142,4
138,4
168,1
121,4
95,3
196,16
0,13
147,18
35,2
176,9
115,11
170,13
159,9
63,17
71,2
143,16
107,11
22,13
165,17
94,15
9,8
84,1
40,1
31,13
122,6
103,9
35,6
98,3
63,2
105,2
154,1
97,13
60,13
112,14
106,14
82,8
57,4
151,13
26,19
157,13
119,12
77,12
32,8
125,3
25,4
171,18
94,11
130,2
18,12
84,12
190,5
142,4
127,20
58,6
104,4
102,2
185,9
34,8
48,2
122,4
99,19
61,18
24,8
11,19
140,8
167,5
192,14

129,9
154,19
49,15
149,16
48,1
164,14
110,13
54,4
112,11
42,2
122,12
25,11
105,16
155,17
66,10
122,14
41,20
39,9
189,11
71,4
44,2
98,2
102,17
45,3
141,16
145,20
83,11
114,5
164,16
48,16
88,18
119,20
30,14
44,3
186,9
83,2
173,15
56,20
191,11
165,2
183,11
46,6
35,11
187,13
54,3
64,12
30,17
11,19
183,13
23,14
170,8
152,1
71,13
104,7
126,16
100,4
0,1
100,4
142,18
40,14
105,18
36,7
200,20
18,1
86,5
92,10
127,13
168,18
53,15
126,11
105,10
60,5
83,20
101,10
5,11
118,17
9,18
85,19
140,14
192,12
14,3
152,9
111,5
143,18
92,8
54,5
124,12
47,9
103,15
82,13
61,18
46,9
138,16
33,8
164,5
174,19
14,7
116,4
159,18
28,8

186,4
103,15
161,14
110,10
156,13
62,7
85,8
91,3
92,20
89,9
149,18
49,19
35,18
154,9
172,12
132,10
141,7
138,2
160,19
94,9
81,17
64,14
144,16
122,2
34,17
76,20
42,12
167,12
37,12
195,10
112,2
116,15
161,5
101,17
200,17
149,12
108,6
113,4
4,19
120,9
172,10
41,3
138,15
48,19
178,10
34,12
88,2
64,13
96,2
56,6
20,13
63,11
124,10
191,17
198,10
118,16
17,12
194,2
80,6
123,19
132,14
78,10
180,15
121,18
173,6
200,4
85,9
47,13
167,6
131,15
107,13
98,5
97,16
20,11
15,12
54,13
168,15
191,9
10,5
150,13
149,17
110,18
14,6
146,16
82,8
138,17
94,16
72,7
185,8
50,12
118,3
133,2
127,12
101,17
187,3
38,19
197,15
141,20
184,7
59,4

179,17
169,16
145,13
98,20
42,2
147,15
138,19
18,10
90,6
123,16
119,16
67,2
160,16
19,11
33,8
102,3
46,3
61,15
178,13
55,14
106,16
182,14
46,16
189,5
109,17
46,7
131,1
87,17
151,4
97,17
100,17
75,12
127,20
194,16
188,14
105,14
139,6
132,13
32,17
184,5
59,5
105,19
197,14
131,6
126,11
90,20
45,7
176,2
53,7
49,17
98,16
60,11
81,16
16,17
113,15
155,5
27,6
125,12
153,2
146,10
147,9
119,3
111,10
156,7
128,15
8,17
2,12
175,2
59,4
41,19
97,6
89,13
12,15
125,19
65,11
127,10
135,7
148,19
26,9
130,17
141,2
7,13
180,15
124,7
26,15
134,14
50,2
111,15
41,7
2,3
160,13
187,10
153,19
194,15
45,5
189,15
46,4
113,3
87,10
80,11

162,5
160,14
66,9
108,13
10,16
74,10
175,6
39,15
68,14
44,19
119,16
105,6
113,19
170,3
154,3
150,14
28,3
3,20
146,14
39,6
177,13
123,18
67,13
66,6
21,11
112,10
126,15
6,4
70,1
112,3
73,15
128,14
132,12
189,6
199,1
129,9
11,18
143,11
142,3
85,6
2,1
52,6
95,13
179,18
120,17
137,11
58,15
77,11
140,18
26,4
83,10
93,17
54,16
145,4
120,8
34,9
16,8
118,8
161,6
185,4
59,10
53,8
22,12
3,12
131,6
122,13
115,12
20,5
67,20
129,16
21,11
185,9
11,13
50,13
64,19
26,2
80,19
59,14
98,7
133,13
185,11
50,6
46,2
9,4
53,6
175,1
110,20
160,16
150,17
136,4
183,5
140,8
104,13
176,14
183,2
98,11
26,16
74,13
158,6
47,4

117,16
62,15
46,17
50,14
26,16
21,20
113,2
185,20
17,19
5,2
22,10
49,1
179,12
180,16
4,4
66,10
166,14
3,16
13,8
80,14
195,9
156,11
126,5
100,18
173,16
18,20
18,20
163,18
76,2
200,6
183,16
136,1
41,19
3,18
25,17
176,3
82,4
191,6
27,2
89,8
77,13
172,16
197,2
164,20
166,17
129,9
31,9
18,19
39,19
92,8
140,3
144,6
26,19
170,9
25,17
160,8
100,4
11,12
77,8
95,11
114,5
53,19
181,15
111,6
21,2
100,1
154,9
156,12
127,4
2,8
132,3
192,17
112,8
21,19
71,5
28,7
73,5
81,14
46,18
66,7
132,9
165,2
166,14
62,9
14,13
38,7
178,2
69,20
47,19
16,4
192,8
126,18
135,14
100,5
49,11
113,18
10,18
160,7
159,20
180,16

